STUDY_NAME : 'lgb_optimization_competencia27'

competencia01:
  DATA_PATH: '../data/competencia_01.csv'
  SEMILLA: [131213, 275677, 633767, 997057, 450223]
  MES_TRAIN: [202103]
  MES_VALIDACION:
  MES_TEST: 202104
  FINAL_TRAIN: [202101, 202102, 202103, 202104]
  FINAL_PREDICT: 202106
  GANANCIA_ACIERTO: 780000
  COSTO_ESTIMULO: 20000
  UNDERSAMPLING_FRACTION: 0.3
  ADHOC: False

parametros_lgb:
  n_trail: 100
  num_leaves: [10, 1000]
  learning_rate: [0.005, 0.3]
  feature_fraction: [0.2, 1.0]
  bagging_fraction: [0.2, 1.0]
  min_data_in_leaf: [2, 3000]
  num_iterations: [500, 2000]
  feature_pre_filter: False
  force_row_wise: True
  max_bin: 31
  metric: 'auc'

parametros_adhoc:
  num_iterations: 1383
  learning_rate: 0.01669323296938561
  feature_fraction: 0.8860187010472017
  num_leaves: 734
  min_data_in_leaf: 116 #35
  bagging_fraction: 0.2093419584365341
